Steps    Q        Rg       Backbone Rama     Contact  Fragment Membrane ER       TBM_Q    Beta     Pap      Helical  Debye_huckel Total   
0        1.00     11.07    139.24   -319.58  -80.21   -344.83  0.00     0.00     0.00     -23.69   -0.00    0.00     -2.82    -631.89 
1        0.98     11.07    6.16     -453.52  -96.06   -335.66  0.00     0.00     0.00     -26.01   -0.00    0.00     -2.69    -907.77 
2        0.95     11.17    84.92    -445.35  -91.66   -324.64  0.00     0.00     0.00     -22.89   -0.00    0.00     -2.58    -802.20 
3        0.92     11.20    105.21   -453.20  -97.90   -318.68  0.00     0.00     0.00     -23.16   -0.00    0.00     -2.44    -790.17 
4        0.91     11.20    109.36   -451.87  -95.61   -319.11  0.00     0.00     0.00     -22.23   -0.00    0.00     -2.50    -781.96 
5        0.90     11.20    115.76   -454.46  -96.08   -322.71  0.00     0.00     0.00     -23.44   -0.00    0.00     -2.93    -783.86 
6        0.87     11.21    138.62   -461.25  -103.38  -321.74  0.00     0.00     0.00     -22.39   -0.00    0.00     -3.23    -773.37 
7        0.82     11.21    114.60   -455.94  -99.78   -312.79  0.00     0.00     0.00     -20.93   -0.00    0.00     -3.44    -778.27 
8        0.80     11.18    128.71   -459.58  -101.47  -317.45  0.00     0.00     0.00     -23.06   -0.00    0.00     -3.07    -775.91 
9        0.79     11.18    135.71   -446.74  -105.40  -319.48  0.00     0.00     0.00     -22.40   -0.00    0.00     -3.15    -761.47 
10       0.80     11.22    120.81   -451.46  -98.30   -320.19  0.00     0.00     0.00     -20.19   -0.00    0.00     -2.90    -772.22 
11       0.79     11.25    125.83   -450.53  -100.99  -315.07  0.00     0.00     0.00     -21.86   -0.00    0.00     -2.95    -765.58 
12       0.80     11.28    135.45   -447.70  -97.95   -315.86  0.00     0.00     0.00     -22.23   0.00     0.00     -3.30    -751.57 
13       0.79     11.23    142.40   -451.98  -100.79  -316.36  0.00     0.00     0.00     -22.90   0.00     0.00     -3.26    -752.88 
14       0.79     11.19    136.88   -452.36  -100.24  -314.02  0.00     0.00     0.00     -22.53   -0.00    0.00     -2.81    -755.08 
15       0.78     11.15    145.17   -453.73  -101.27  -314.79  0.00     0.00     0.00     -23.39   -0.00    0.00     -3.05    -751.06 
16       0.78     11.17    146.15   -447.05  -94.50   -318.65  0.00     0.00     0.00     -21.75   -0.00    0.00     -3.82    -739.61 
17       0.80     11.12    140.33   -454.51  -93.68   -321.04  0.00     0.00     0.00     -22.96   -0.00    0.00     -3.15    -755.01 
18       0.81     11.14    137.73   -452.08  -94.09   -323.82  0.00     0.00     0.00     -24.52   -0.00    0.00     -3.02    -759.79 
19       0.80     11.08    140.04   -455.09  -90.24   -317.50  0.00     0.00     0.00     -23.91   -0.00    0.00     -2.88    -749.57 
20       0.79     11.06    144.93   -452.80  -96.81   -321.37  0.00     0.00     0.00     -22.33   -0.00    0.00     -2.95    -751.32 
21       0.80     11.10    132.41   -452.74  -95.76   -325.42  0.00     0.00     0.00     -22.78   -0.00    0.00     -2.94    -767.22 
22       0.79     11.10    154.07   -456.00  -96.45   -318.92  0.00     0.00     0.00     -23.53   -0.00    0.00     -3.39    -744.23 
23       0.78     11.16    137.16   -458.52  -97.80   -319.19  0.00     0.00     0.00     -20.91   -0.00    0.00     -2.71    -761.96 
24       0.76     11.18    143.41   -460.67  -97.24   -317.07  0.00     0.00     0.00     -22.08   -0.00    0.00     -2.69    -756.33 
25       0.75     11.17    141.24   -454.85  -100.94  -316.47  0.00     0.00     0.00     -23.34   -0.00    0.00     -2.77    -757.13 
26       0.75     11.25    139.08   -455.04  -97.61   -319.36  0.00     0.00     0.00     -19.75   -0.00    0.00     -3.15    -755.82 
27       0.73     11.32    136.97   -459.59  -98.75   -314.87  0.00     0.00     0.00     -21.39   -0.00    0.00     -2.97    -760.60 
28       0.74     11.28    132.53   -447.29  -103.01  -315.46  0.00     0.00     0.00     -21.88   -0.00    0.00     -2.73    -757.85 
29       0.74     11.26    133.37   -455.36  -99.97   -312.38  0.00     0.00     0.00     -21.88   0.00     0.00     -2.86    -759.08 
30       0.72     11.34    144.31   -447.88  -100.58  -309.28  0.00     0.00     0.00     -21.63   0.00     0.00     -2.50    -737.56 
31       0.72     11.40    146.60   -454.34  -97.56   -311.13  0.00     0.00     0.00     -21.68   0.00     0.00     -2.42    -740.53 
32       0.72     11.35    148.32   -450.90  -96.44   -312.08  0.00     0.00     0.00     -23.38   0.00     0.00     -2.09    -736.58 
33       0.72     11.31    145.02   -451.07  -96.95   -313.54  0.00     0.00     0.00     -22.32   0.00     0.00     -2.32    -741.18 
34       0.70     11.31    154.40   -451.19  -97.84   -309.56  0.00     0.00     0.00     -22.13   0.00     0.00     -2.73    -729.06 
35       0.69     11.25    144.47   -452.23  -98.01   -317.12  0.00     0.00     0.00     -24.61   -0.00    0.00     -3.22    -750.72 
36       0.69     11.23    148.50   -452.48  -96.39   -311.86  0.00     0.00     0.00     -23.96   -0.00    0.00     -3.24    -739.43 
37       0.70     11.26    154.42   -455.71  -99.96   -307.86  0.00     0.00     0.00     -21.97   -0.00    0.00     -2.82    -733.90 
38       0.71     11.20    148.36   -456.08  -100.92  -307.63  0.00     0.00     0.00     -23.20   0.00     0.00     -2.61    -742.08 
39       0.70     11.21    152.45   -458.54  -101.49  -314.53  0.00     0.00     0.00     -21.98   -0.00    0.00     -2.58    -746.67 
40       0.69     11.23    152.54   -446.75  -100.19  -312.49  0.00     0.00     0.00     -22.65   -0.00    0.00     -2.63    -732.17 
41       0.68     11.23    149.58   -441.52  -96.71   -312.60  0.00     0.00     0.00     -22.84   0.00     0.00     -2.59    -726.68 
42       0.69     11.24    153.64   -449.92  -104.07  -313.43  0.00     0.00     0.00     -22.61   -0.00    0.00     -2.99    -739.38 
43       0.68     11.27    157.15   -451.87  -108.32  -312.51  0.00     0.00     0.00     -22.66   -0.00    0.00     -2.66    -740.87 
44       0.66     11.27    145.93   -453.01  -105.39  -302.31  0.00     0.00     0.00     -20.71   -0.00    0.00     -2.72    -738.20 
45       0.66     11.16    134.47   -453.02  -102.34  -307.36  0.00     0.00     0.00     -22.22   -0.00    0.00     -2.76    -753.23 
46       0.67     11.14    147.64   -451.11  -101.19  -305.29  0.00     0.00     0.00     -20.81   -0.00    0.00     -2.48    -733.23 
47       0.68     11.12    146.55   -455.75  -101.55  -310.04  0.00     0.00     0.00     -22.92   -0.00    0.00     -2.64    -746.35 
48       0.69     11.10    134.83   -451.49  -101.87  -309.88  0.00     0.00     0.00     -24.07   -0.00    0.00     -2.70    -755.18 
49       0.68     11.11    129.93   -454.08  -103.81  -307.77  0.00     0.00     0.00     -22.18   -0.00    0.00     -3.17    -761.07 
50       0.67     11.05    138.02   -460.16  -103.22  -301.78  0.00     0.00     0.00     -23.14   -0.00    0.00     -3.06    -753.35 
51       0.67     10.97    148.44   -457.54  -102.37  -308.16  0.00     0.00     0.00     -22.77   -0.00    0.00     -2.76    -745.17 
52       0.65     11.03    146.29   -455.33  -100.30  -310.43  0.00     0.00     0.00     -20.06   -0.00    0.00     -2.67    -742.52 
53       0.65     11.10    156.81   -455.87  -94.59   -313.61  0.00     0.00     0.00     -25.30   -0.00    0.00     -2.90    -735.46 
54       0.64     11.18    150.48   -444.16  -103.29  -311.81  0.00     0.00     0.00     -20.46   -0.00    0.00     -2.62    -731.86 
55       0.64     11.23    156.16   -455.47  -100.50  -310.16  0.00     0.00     0.00     -18.89   0.00     0.00     -2.80    -731.66 
56       0.64     11.21    147.03   -445.79  -98.43   -314.54  0.00     0.00     0.00     -21.73   -0.00    0.00     -2.54    -736.00 
57       0.64     11.10    145.61   -449.33  -97.95   -313.53  0.00     0.00     0.00     -24.23   0.00     0.00     -2.44    -741.88 
58       0.64     11.10    143.54   -453.22  -102.51  -305.95  0.00     0.00     0.00     -23.13   0.00     0.00     -2.89    -744.17 
59       0.64     11.14    150.49   -453.88  -106.40  -307.01  0.00     0.00     0.00     -22.42   0.00     0.00     -2.88    -742.10 
60       0.64     11.16    148.97   -453.66  -104.82  -309.56  0.00     0.00     0.00     -22.10   -0.00    0.00     -2.22    -743.39 
61       0.65     11.13    136.26   -450.61  -99.98   -310.82  0.00     0.00     0.00     -22.44   0.00     0.00     -2.71    -750.30 
62       0.65     11.11    141.44   -452.46  -96.09   -314.08  0.00     0.00     0.00     -24.15   -0.00    0.00     -3.01    -748.35 
63       0.66     11.10    138.30   -448.01  -97.04   -316.06  0.00     0.00     0.00     -21.65   0.00     0.00     -2.68    -747.15 
64       0.66     11.10    155.37   -449.67  -100.27  -312.70  0.00     0.00     0.00     -22.97   0.00     0.00     -2.72    -732.94 
65       0.65     11.11    139.14   -447.73  -101.07  -306.77  0.00     0.00     0.00     -20.72   -0.00    0.00     -2.18    -739.33 
66       0.66     11.09    141.11   -447.35  -99.91   -309.40  0.00     0.00     0.00     -21.72   0.00     0.00     -2.39    -739.67 
67       0.69     10.97    163.64   -453.94  -98.92   -315.12  0.00     0.00     0.00     -22.34   -0.00    0.00     -2.82    -729.49 
68       0.70     10.83    158.76   -451.67  -96.89   -310.91  0.00     0.00     0.00     -22.53   -0.00    0.00     -3.17    -726.39 
69       0.69     10.83    152.85   -447.09  -98.57   -313.36  0.00     0.00     0.00     -23.72   -0.00    0.00     -3.31    -733.19 
70       0.70     10.79    148.98   -447.01  -102.03  -311.33  0.00     0.00     0.00     -24.09   -0.00    0.00     -3.57    -739.05 
71       0.69     10.90    155.60   -449.21  -97.16   -309.73  0.00     0.00     0.00     -23.27   -0.00    0.00     -3.15    -726.92 
72       0.68     10.99    144.15   -451.67  -94.63   -304.44  0.00     0.00     0.00     -23.93   -0.00    0.00     -2.77    -733.28 
73       0.69     10.91    136.28   -452.74  -97.64   -309.45  0.00     0.00     0.00     -22.87   -0.00    0.00     -2.77    -749.20 
74       0.70     10.91    142.78   -448.42  -94.92   -313.25  0.00     0.00     0.00     -22.23   -0.00    0.00     -2.54    -738.59 
75       0.70     10.96    145.21   -447.94  -94.39   -312.75  0.00     0.00     0.00     -20.69   -0.00    0.00     -2.52    -733.08 
76       0.71     10.96    151.57   -445.78  -96.48   -312.72  0.00     0.00     0.00     -22.53   -0.00    0.00     -2.43    -728.36 
77       0.71     11.03    138.35   -447.34  -92.93   -312.39  0.00     0.00     0.00     -20.85   0.00     0.00     -3.01    -738.17 
78       0.71     11.04    144.59   -452.69  -97.72   -306.60  0.00     0.00     0.00     -20.55   0.00     0.00     -3.11    -736.09 
79       0.72     11.17    148.99   -456.66  -93.97   -312.67  0.00     0.00     0.00     -23.88   0.00     0.00     -2.86    -741.04 
80       0.71     11.27    146.25   -455.07  -94.38   -312.43  0.00     0.00     0.00     -22.09   0.00     0.00     -2.10    -739.82 
81       0.73     11.26    165.07   -456.33  -94.61   -317.01  0.00     0.00     0.00     -23.20   0.00     0.00     -2.75    -728.84 
82       0.72     11.32    148.44   -456.37  -96.51   -312.48  0.00     0.00     0.00     -24.49   0.00     0.00     -2.65    -744.05 
83       0.70     11.45    138.95   -456.86  -95.61   -310.70  0.00     0.00     0.00     -23.07   0.00     0.00     -2.27    -749.56 
84       0.70     11.43    142.96   -454.76  -96.82   -311.90  0.00     0.00     0.00     -21.58   0.00     0.00     -2.02    -744.11 
85       0.70     11.38    140.47   -454.92  -96.24   -316.26  0.00     0.00     0.00     -23.04   0.00     0.00     -1.89    -751.86 
86       0.70     11.34    134.60   -451.17  -96.99   -314.75  0.00     0.00     0.00     -23.26   0.00     0.00     -2.21    -753.77 
87       0.71     11.33    144.06   -456.51  -99.54   -316.11  0.00     0.00     0.00     -23.82   0.00     0.00     -2.55    -754.46 
88       0.70     11.35    147.90   -455.74  -102.20  -315.49  0.00     0.00     0.00     -23.36   0.00     0.00     -2.76    -751.64 
89       0.69     11.50    148.86   -458.72  -101.47  -314.53  0.00     0.00     0.00     -21.74   0.00     0.00     -2.58    -750.18 
90       0.68     11.55    146.46   -457.28  -97.31   -311.02  0.00     0.00     0.00     -23.03   -0.00    0.00     -1.99    -744.16 
91       0.68     11.58    153.11   -453.27  -97.17   -316.13  0.00     0.00     0.00     -21.77   -0.00    0.00     -2.21    -737.44 
92       0.68     11.59    147.55   -451.07  -98.28   -312.65  0.00     0.00     0.00     -22.69   -0.00    0.00     -2.54    -739.68 
93       0.69     11.60    157.85   -457.53  -97.22   -316.17  0.00     0.00     0.00     -24.45   0.00     0.00     -2.65    -740.16 
94       0.69     11.65    139.00   -454.13  -95.44   -314.13  0.00     0.00     0.00     -22.83   0.00     0.00     -2.91    -750.43 
95       0.68     11.72    147.20   -450.30  -97.60   -311.90  0.00     0.00     0.00     -23.85   -0.00    0.00     -2.64    -739.09 
96       0.68     11.69    139.51   -450.84  -95.85   -311.28  0.00     0.00     0.00     -23.33   -0.00    0.00     -2.29    -744.08 
97       0.69     11.58    151.75   -450.65  -95.87   -313.29  0.00     0.00     0.00     -23.64   -0.00    0.00     -2.46    -734.16 
98       0.71     11.52    153.78   -448.19  -98.23   -314.21  0.00     0.00     0.00     -24.82   -0.00    0.00     -2.20    -733.88 
99       0.73     11.44    149.18   -445.78  -99.11   -314.17  0.00     0.00     0.00     -23.16   0.00     0.00     -2.28    -735.32 
100      0.72     11.41    146.19   -447.92  -98.51   -314.67  0.00     0.00     0.00     -23.20   -0.00    0.00     -2.66    -740.77 
101      0.72     11.45    152.28   -462.89  -99.01   -311.06  0.00     0.00     0.00     -22.26   -0.00    0.00     -2.52    -745.46 
